21859, 26570, 34440, 51236, 53382, 63231, 61148, 77174, 86655, 104107, 135166, 165870, 191480, 301436, 315929, 385427, 384382, 555986, 607050, 616777, 584381, 522979, 553240, 697716, 515674, 573458, 587341, 587849, 340042, 309210, 199013, 263795, 264377, 264361, 264358, 62502, 62502, 62664, 1, 
18222, 18734, 23826, 29390, 41047, 57260, 96400, 93485, 124415, 124006, 127448, 145706, 164580, 157078, 185647, 187155, 214489, 194727, 205866, 136079, 130607, 90073, 68237, 68255, 68043, 56320, 56272, 47602, 46153, 40586, 32663, 32660, 36390, 24675, 24259, 24245, 23434, 23399, 15626, 15626, 15642, 15626, 15621, 15523, 12140, 11813, 11813, 10686, 10325, 10325, 10898, 10136, 10136, 10136, 4785, 4785, 4785, 4775, 4557, 4557, 4557, 4557, 4557, 4557, 4683, 4483, 4579, 4632, 4971, 4970, 4970, 4970, 4970, 4970, 4981, 5014, 5014, 5014, 5014, 5014, 5014, 5014, 5014, 5014, 5014, 5014, 5053, 5053, 5053, 5053, 5053, 5052, 5052, 5052, 5052, 5052, 5052, 5052, 5052, 5186, 5186, 5260, 5260, 5260, 5260, 5136, 5177, 3094, 3094, 3094, 3094, 3094, 3094, 3094, 3094, 3094, 3094, 3094, 3475, 3475, 3475, 3475, 3475, 3475, 3475, 3475, 3475, 3475, 3475, 6316, 
7306, 7851, 7773, 7819, 8582, 10250, 11590, 11796, 15198, 20132, 27113, 25586, 25680, 29667, 28910, 28337, 28828, 26949, 27139, 21855, 21855, 21673, 23868, 26335, 23934, 24926, 24926, 24926, 24775, 24775, 27037, 33190, 33716, 33730, 27664, 25283, 23872, 26267, 37851, 37621, 48830, 48784, 48784, 61518, 58371, 58371, 58371, 58371, 58371, 58371, 63703, 64235, 64235, 64235, 64246, 66231, 66227, 66161, 66827, 66827, 67307, 66078, 66086, 33260, 33280, 37436, 37436, 37436, 37436, 37436, 37436, 37742, 37742, 37742, 37669, 37669, 34168, 34168, 34484, 34484, 34484, 34484, 34484, 34484, 34484, 34484, 1, 
23140, 29715, 41466, 54414, 81217, 78714, 80278, 105094, 107107, 125778, 142385, 146444, 158808, 157933, 168073, 266165, 315423, 324510, 341197, 300767, 296079, 314213, 359288, 236473, 257187, 266380, 274888, 295077, 213500, 149898, 148305, 151364, 153655, 137803, 152082, 156291, 174556, 174556, 168560, 168088, 168088, 168088, 168088, 165999, 169126, 169126, 78898, 78898, 72399, 71891, 71891, 71891, 75763, 75763, 75546, 75546, 75512, 76891, 22362, 16856, 16856, 16856, 18300, 18300, 18300, 16606, 16626, 1, 
27861, 30670, 40338, 46955, 47418, 57216, 71274, 97339, 94681, 106711, 131897, 140360, 180385, 189101, 268036, 347255, 335554, 350967, 351931, 366458, 390909, 403350, 330458, 291509, 296531, 294895, 294963, 298999, 308386, 308701, 307068, 308401, 345041, 277366, 266171, 248809, 236466, 142823, 113447, 109765, 95755, 94422, 95180, 98295, 124969, 151412, 68241, 68241, 68239, 21392, 19225, 19225, 19187, 21450, 21562, 21411, 21411, 21411, 21406, 19870, 19870, 19870, 1, 
17478, 20626, 25150, 23635, 31185, 41217, 49343, 65468, 66763, 69979, 56219, 66267, 62799, 54186, 50942, 44320, 44320, 32208, 30019, 28953, 29097, 14495, 1844, 1844, 1844, 1844, 1844, 1844, 1, 
24042, 29883, 36845, 57389, 85376, 90603, 128991, 157660, 208880, 245642, 305929, 309850, 332751, 462334, 572356, 552129, 555501, 552905, 537790, 613712, 658203, 740198, 741417, 723485, 776419, 643643, 554814, 574318, 662727, 480774, 431060, 400822, 392186, 417084, 383753, 388925, 398239, 427545, 423849, 576574, 195589, 195162, 180573, 180573, 175358, 230074, 230074, 230065, 230065, 129318, 129318, 129318, 117751, 116455, 116455, 112503, 112503, 75454, 75454, 75454, 75454, 75783, 60486, 60482, 50580, 40184, 39993, 35559, 35551, 31625, 28227, 1, 
10987, 14139, 18372, 23071, 22709, 22009, 26382, 25303, 26128, 25930, 25865, 25486, 26259, 17588, 17588, 16935, 15564, 4199, 4906, 1, 
18051, 23377, 25052, 27081, 36367, 42137, 52013, 52042, 59327, 57030, 53006, 58876, 58175, 62323, 48753, 49124, 51274, 54691, 65202, 60851, 80996, 71965, 56499, 65779, 70496, 57666, 65989, 65989, 55011, 54474, 54474, 54474, 55272, 54502, 57738, 57738, 15892, 15892, 21027, 21027, 9372, 9372, 9502, 9502, 9502, 9500, 2737, 1, 
25914, 30607, 37402, 42413, 69273, 92525, 155129, 206304, 221971, 268486, 330574, 325923, 365236, 431499, 516714, 634674, 974961, 976661, 969647, 1091391, 1100330, 1138255, 1210406, 1206612, 1490584, 1493251, 1851991, 1898026, 1846888, 1840397, 1666121, 1523263, 1569495, 2233981, 2334302, 2524101, 2521943, 1979866, 1844053, 1846523, 2050151, 2050142, 2063332, 2096126, 2204976, 1831484, 1844731, 2048565, 2048500, 2051086, 2050673, 2050673, 2039490, 2317080, 2215452, 1430971, 1455737, 1455751, 1460865, 1059041, 809233, 858354, 845947, 998487, 998741, 993624, 992936, 1093828, 1094594, 296954, 297063, 297190, 175686, 188154, 187771, 224641, 182164, 141484, 141484, 141484, 141484, 142452, 154357, 154357, 154357, 157820, 157820, 163044, 163044, 163996, 163996, 130727, 130727, 130727, 130730, 131757, 157101, 157101, 157101, 163004, 163004, 163004, 78127, 78127, 78127, 65323, 65710, 65710, 65710, 62158, 62158, 62158, 62158, 62158, 62158, 62158, 62158, 62158, 62158, 62158, 62173, 62173, 62173, 62173, 62173, 62173, 62173, 62173, 62173, 62169, 1, 
19819, 25080, 32012, 39310, 51059, 58943, 64517, 65004, 61456, 60619, 56545, 69355, 69785, 59233, 45012, 47750, 45375, 50932, 50932, 51018, 48471, 81187, 87942, 87861, 96749, 45439, 45421, 45421, 37065, 30587, 29652, 25575, 25636, 24517, 26112, 25851, 26021, 26018, 26018, 26018, 26018, 26018, 26018, 28972, 37471, 37869, 37827, 37827, 37827, 37827, 37827, 37825, 37825, 37812, 37812, 37892, 38585, 38585, 26872, 26872, 26872, 26798, 27320, 27320, 21664, 18026, 17188, 6522, 6522, 6522, 6522, 6522, 6421, 6421, 6421, 6421, 6421, 6421, 6421, 6421, 6421, 6421, 6620, 6620, 6620, 6620, 6620, 1, 
17514, 19863, 26261, 25145, 34283, 38611, 42318, 54748, 74255, 73879, 98882, 102508, 105717, 106734, 84309, 89735, 84825, 82816, 81844, 81844, 79888, 78765, 50162, 63004, 69360, 68898, 73648, 73244, 81559, 84953, 107166, 134810, 134810, 117171, 72009, 9670, 8257, 8276, 8301, 6329, 5700, 5700, 5757, 4782, 4782, 4782, 4782, 4782, 4782, 4782, 4782, 4294, 4294, 4294, 4294, 4321, 4321, 4321, 4321, 4321, 4321, 4321, 4321, 4321, 4321, 4317, 4317, 1680, 1, 
13683, 13083, 15821, 16033, 19438, 23088, 30364, 41668, 51137, 45976, 54690, 52329, 47670, 52229, 70566, 69947, 71479, 56223, 55369, 50281, 47548, 40275, 32758, 22636, 24752, 21854, 20972, 29808, 12698, 11238, 9788, 9256, 9278, 6455, 1, 
17206, 20728, 27424, 33842, 39699, 48599, 41604, 42359, 44464, 47022, 57870, 56677, 62435, 63808, 64460, 62066, 62562, 63924, 63911, 57532, 57532, 50290, 50290, 51972, 52347, 34844, 36136, 38207, 38426, 39489, 32098, 32098, 34462, 34288, 34970, 35015, 37528, 37962, 39364, 39364, 39363, 40084, 41593, 26430, 26464, 26464, 26168, 24987, 23249, 23249, 23249, 23813, 23813, 23813, 13097, 9474, 9474, 9474, 9369, 9469, 9531, 9531, 10862, 10862, 10862, 1, 
20959, 30136, 36128, 38452, 50690, 56990, 63010, 76387, 97659, 100808, 99339, 105501, 141654, 163558, 163558, 217748, 221189, 207383, 227816, 213478, 217043, 199525, 198661, 206383, 211597, 256373, 285462, 286116, 294629, 266515, 223889, 228178, 228608, 228310, 228308, 221902, 147352, 158442, 159281, 160106, 170523, 170563, 158896, 122817, 133833, 120331, 119618, 114389, 114215, 101741, 101741, 94728, 92114, 52644, 23917, 23820, 23622, 23622, 23053, 23053, 23018, 8606, 8606, 8606, 3939, 4700, 
26591, 31950, 34416, 47677, 63701, 76481, 78131, 96349, 98806, 116067, 142350, 142232, 169309, 159810, 138793, 127700, 138415, 135989, 155294, 215339, 272886, 277594, 308721, 303030, 267037, 248499, 234830, 148338, 148338, 154183, 153804, 142715, 142360, 132457, 111578, 43336, 38381, 38381, 38381, 31592, 42757, 43002, 31643, 9157, 9157, 9132, 9132, 3025, 3025, 3025, 2148, 2148, 2148, 2163, 2163, 2163, 2163, 1, 
7749, 9177, 10656, 12955, 16671, 16913, 24106, 28604, 24548, 24462, 17475, 17785, 15067, 12712, 14021, 14032, 12216, 12201, 8793, 8793, 8479, 9379, 9379, 9379, 9379, 10441, 10463, 10456, 10456, 11198, 11198, 11198, 11198, 11107, 12103, 11728, 11856, 11854, 11839, 11530, 11527, 11527, 11807, 11807, 11807, 11794, 11794, 11794, 11794, 11794, 11794, 11794, 1, 
12003, 12375, 14089, 18145, 19886, 18962, 23978, 24415, 32301, 33345, 38130, 39715, 44216, 67833, 74841, 79817, 83412, 79965, 54987, 44243, 34031, 22555, 22616, 16806, 3664, 1, 
11607, 10991, 11884, 13251, 15216, 12888, 12888, 13754, 17153, 20370, 18034, 17812, 17055, 18228, 11301, 11507, 8928, 6604, 6642, 6642, 7144, 7259, 7207, 8036, 1847, 1847, 1847, 1847, 1847, 1847, 1847, 1847, 1847, 3178, 
14531, 15837, 19644, 20518, 20711, 20041, 19727, 20891, 22043, 25237, 25382, 25479, 25283, 34297, 37953, 42015, 20315, 20264, 20262, 20262, 20617, 22742, 13990, 13990, 9337, 7035, 6715, 6715, 5526, 5526, 5620, 3406, 2809, 5010, 
21206, 25171, 28580, 31202, 32632, 39108, 56106, 66446, 83469, 105462, 155641, 204712, 204964, 220004, 219589, 278290, 355813, 418743, 488386, 491242, 542875, 565032, 556328, 569010, 630898, 749769, 702890, 746986, 762814, 763053, 763053, 685655, 694154, 698409, 656279, 725310, 713586, 760482, 743495, 743495, 308080, 281266, 287542, 283852, 136570, 136570, 75690, 72127, 68550, 70663, 54028, 38673, 29826, 8481, 8481, 8416, 1, 
21225, 22735, 22161, 25037, 30399, 32989, 36553, 38314, 46749, 54020, 65068, 72501, 98207, 112049, 135464, 138301, 136551, 140894, 125643, 130200, 134959, 137111, 120742, 142834, 139944, 132017, 133505, 111737, 95399, 79938, 56134, 60524, 60524, 42122, 32612, 36305, 36548, 36844, 31778, 31789, 33676, 6434, 6196, 5731, 5839, 5839, 5867, 5867, 5867, 5867, 8068, 8068, 8068, 8528, 8528, 8528, 8528, 8528, 8528, 8528, 8528, 8528, 8578, 8578, 1, 
13393, 19239, 22310, 22359, 32728, 31101, 35618, 40402, 38473, 46967, 53435, 50738, 48559, 44923, 50731, 50252, 45447, 42323, 24682, 27989, 31802, 39096, 30997, 30997, 30997, 16134, 10828, 1, 
23367, 31599, 42349, 56223, 76696, 93631, 87260, 132298, 142208, 137849, 153913, 154106, 162880, 209327, 224492, 193747, 190244, 175207, 151487, 120758, 133693, 135441, 126488, 148058, 148839, 148868, 157719, 111544, 111544, 111769, 111862, 111862, 95072, 95738, 98774, 112984, 148590, 156407, 156607, 148651, 148651, 170841, 181117, 186269, 139215, 139215, 94374, 103054, 103054, 94256, 94256, 94373, 94373, 94373, 94373, 92342, 71952, 71952, 71613, 71628, 9431, 9431, 9425, 9425, 9394, 1, 
32627, 44545, 63415, 86245, 122074, 161145, 194763, 295166, 366517, 433602, 459342, 559139, 652683, 833901, 968118, 1259736, 1362252, 1358851, 1394401, 1419222, 1360105, 1481906, 1691558, 1650924, 1660617, 1744802, 1766505, 1767673, 1755655, 1814327, 1864322, 1955147, 2231049, 2230067, 2792296, 3167956, 3152798, 3161579, 3130645, 3255101, 2900300, 2646962, 2641862, 2483632, 2413212, 2382687, 2382687, 1891436, 1893174, 1906069, 1058417, 888439, 874064, 866032, 854759, 906793, 905020, 900456, 839249, 1014272, 1031287, 1042788, 1042788, 1036561, 1036748, 959802, 1042567, 1078781, 889708, 669320, 669320, 669320, 658079, 658079, 658079, 642293, 559393, 559613, 490311, 457776, 443877, 444885, 444961, 444961, 444961, 448945, 449382, 449382, 439997, 443293, 428808, 96681, 96709, 94630, 94630, 97372, 98259, 98259, 98679, 98679, 98679, 98679, 98679, 96004, 41147, 41147, 41147, 41147, 10823, 10823, 10823, 1, 
23241, 36244, 47339, 59156, 82579, 95858, 100398, 127054, 125282, 139643, 155065, 141407, 139945, 115226, 104480, 93763, 83352, 78373, 74533, 69409, 76026, 66543, 66543, 66610, 68571, 61489, 62151, 28401, 29740, 29790, 29790, 32378, 32378, 31932, 4751, 4751, 1, 
9889, 11224, 9859, 11005, 9644, 8526, 5569, 4626, 3303, 1913, 1754, 1712, 1712, 1255, 1045, 1045, 1005, 1051, 
23660, 25596, 35961, 54580, 55767, 74907, 97296, 117626, 121129, 155864, 196159, 199643, 256500, 384317, 448111, 453206, 486403, 370183, 380377, 384716, 341043, 301204, 302322, 301784, 263969, 240817, 238921, 94297, 76871, 76339, 76521, 73975, 67820, 65723, 65723, 47795, 49618, 57713, 78791, 79255, 81386, 75583, 79428, 95449, 99653, 99653, 99653, 102279, 102357, 110463, 44815, 44815, 46491, 46491, 46633, 46615, 46615, 46615, 46629, 47382, 52550, 52550, 52550, 52550, 52284, 40952, 30531, 12001, 12001, 1, 
11340, 11740, 10412, 10304, 9951, 8209, 6860, 7312, 7312, 2781, 2142, 1, 
21283, 27376, 33021, 44213, 55660, 53091, 61585, 82635, 97700, 103046, 110112, 116892, 147114, 164656, 191436, 189820, 200858, 230965, 272775, 272869, 300910, 303081, 315428, 324774, 339848, 345450, 345769, 371981, 353107, 346937, 340891, 340047, 369327, 359887, 358102, 356958, 351932, 357822, 346293, 302776, 302824, 303934, 289003, 329877, 393803, 375141, 376653, 330943, 190141, 180580, 183040, 181005, 156523, 41069, 41069, 41069, 41069, 33341, 33341, 33341, 33341, 33341, 33341, 33341, 33406, 33393, 35945, 9245, 1, 
