102830, 113553, 132238, 179504, 173880, 192110, 184982, 239316, 263398, 320962, 398630, 424016, 480712, 732884, 750889, 906552, 905485, 1258656, 1332018, 1353961, 1271084, 994651, 1032696, 1278340, 862503, 924319, 947241, 948294, 521915, 469686, 283221, 375911, 376792, 376763, 376693, 85681, 85681, 85859, 0, 
87287, 77573, 95792, 108003, 139126, 182081, 296976, 269038, 342180, 328525, 319675, 352570, 392453, 375803, 408299, 410578, 463764, 373108, 388565, 226605, 207182, 137036, 103262, 103270, 102556, 84015, 83736, 69078, 66526, 57690, 45711, 45697, 51628, 33799, 33218, 32827, 31565, 31451, 20353, 20353, 20372, 20347, 20335, 20159, 15427, 15046, 15046, 13478, 12856, 12856, 13588, 12591, 12591, 12591, 5801, 5801, 5801, 5784, 5470, 5470, 5470, 5470, 5470, 5470, 5636, 5378, 5498, 5581, 5968, 5966, 5966, 5966, 5966, 5966, 5976, 6011, 6011, 6011, 6011, 6011, 6011, 6011, 6011, 6011, 6011, 6011, 6056, 6056, 6056, 6056, 6056, 6045, 6045, 6045, 6045, 6045, 6045, 6045, 6045, 6196, 6196, 6279, 6279, 6279, 6279, 6117, 6162, 3477, 3477, 3477, 3477, 3477, 3477, 3477, 3477, 3477, 3477, 3477, 3882, 3882, 3882, 3882, 3882, 3882, 3882, 3882, 3882, 3882, 3882, 7026, 
23054, 22077, 20872, 20980, 21333, 24802, 26116, 26124, 31851, 39514, 50887, 47304, 47540, 51872, 50627, 49801, 50372, 46081, 46374, 36491, 36491, 34026, 37579, 41017, 36796, 38659, 38659, 38659, 38385, 38385, 41282, 50694, 51837, 51838, 40016, 36020, 33590, 36520, 53192, 52886, 67319, 67232, 67232, 83063, 79195, 79195, 79195, 79195, 79195, 79195, 85062, 85635, 85635, 85633, 85612, 88040, 88029, 87948, 88826, 88826, 89034, 86999, 86829, 41963, 42002, 46612, 46612, 46612, 46612, 46612, 46612, 46903, 46903, 46903, 46754, 46754, 42038, 42038, 42373, 42373, 42373, 42373, 42373, 42373, 42373, 42373, 0, 
120923, 145910, 191534, 224678, 309357, 287143, 270559, 344709, 314019, 338124, 362334, 364224, 382214, 365636, 385912, 596181, 683611, 695047, 690424, 579009, 569957, 588664, 647382, 405485, 437019, 447765, 458828, 490274, 342215, 239218, 236725, 239878, 243519, 217223, 238811, 246196, 278115, 278115, 265269, 264457, 264457, 264457, 264457, 258968, 261017, 261017, 118966, 118966, 109201, 107769, 107769, 107769, 112916, 112916, 112639, 112639, 112473, 114130, 31855, 23980, 23980, 23980, 25838, 25838, 25838, 23435, 23455, 0, 
125792, 127908, 155437, 165570, 164767, 182415, 203595, 266432, 249827, 264959, 321318, 333169, 405801, 424838, 574812, 722845, 688991, 710304, 712217, 736986, 780152, 798637, 611316, 524726, 532861, 526735, 526818, 532874, 545704, 546230, 532035, 534242, 595106, 466202, 447778, 414831, 390654, 228356, 180066, 173447, 149659, 146458, 147335, 151704, 196497, 235174, 101788, 101788, 101773, 31063, 28017, 28017, 27651, 31656, 31786, 31561, 31561, 31561, 31516, 29132, 29132, 29132, 0, 
69056, 69047, 74493, 67449, 85803, 103277, 115186, 144468, 147731, 147065, 108877, 120391, 116183, 94418, 87306, 74094, 74094, 52860, 49522, 47303, 47443, 22250, 2451, 2451, 2451, 2451, 2451, 2451, 0, 
121046, 143299, 164773, 239310, 332414, 340809, 432504, 506508, 650819, 742501, 796752, 810858, 802005, 1074116, 1310417, 1167020, 1170679, 1108517, 1059855, 1219850, 1319397, 1489254, 1425616, 1349969, 1402614, 1152712, 961225, 959477, 1103677, 733785, 649101, 605760, 587762, 612720, 565635, 562227, 574789, 614782, 608102, 829790, 262470, 261379, 241504, 241504, 233571, 304237, 304237, 304078, 304078, 158908, 158908, 158908, 144532, 142569, 142569, 137708, 137708, 91934, 91934, 91934, 91934, 92278, 73672, 73662, 61146, 48117, 47905, 42628, 42605, 37709, 33592, 0, 
37861, 43810, 53079, 54864, 50209, 47551, 54586, 51970, 53223, 52902, 52767, 50609, 51567, 31617, 31617, 29172, 25562, 6777, 7975, 0, 
71891, 81631, 79980, 81459, 104442, 112729, 138256, 127134, 130590, 121887, 109169, 118971, 113426, 115087, 86207, 85329, 87375, 92543, 110229, 102675, 132632, 114116, 87282, 101411, 107888, 87482, 98573, 98573, 81553, 80430, 80430, 80430, 81906, 80627, 85121, 85121, 21926, 21926, 28593, 28593, 12671, 12671, 12794, 12794, 12794, 12784, 3529, 0, 
122615, 131946, 148373, 170864, 270485, 331698, 546864, 658300, 690954, 767558, 879242, 864130, 953632, 1127886, 1243850, 1505390, 2249437, 2253547, 2226220, 2443814, 2466616, 2445424, 2585745, 2577297, 3164588, 3169006, 3621506, 3708656, 3581328, 3510594, 3076193, 2661522, 2729176, 3900293, 4109075, 4468284, 4464219, 3385313, 3115796, 3117381, 3427969, 3427932, 3437722, 3494376, 3553301, 2819137, 2839524, 3135087, 3135006, 3136985, 3136419, 3136419, 3117102, 3544976, 3342283, 2011478, 2044253, 2044284, 2045266, 1455903, 1113595, 1172873, 1156884, 1352742, 1352737, 1345439, 1344178, 1488208, 1489471, 408600, 408740, 408868, 245545, 264493, 263941, 317572, 260162, 199202, 199202, 199202, 199202, 200534, 213778, 213778, 213778, 218756, 218756, 224468, 224468, 226152, 226152, 180174, 180174, 180174, 179776, 181151, 215342, 215342, 215342, 222713, 222713, 222713, 100951, 100951, 100951, 82260, 82687, 82687, 82687, 78111, 78111, 78111, 78111, 78111, 78111, 78111, 78111, 78111, 78111, 78111, 78126, 78126, 78126, 78126, 78126, 78126, 78126, 78126, 78126, 78073, 0, 
86424, 103208, 109627, 129408, 153794, 170164, 178469, 162021, 136586, 132537, 126500, 151352, 143121, 112817, 79225, 84683, 81028, 90653, 90653, 90745, 82790, 135498, 146129, 146001, 158114, 68482, 68350, 68350, 56311, 44382, 43115, 35637, 35690, 33481, 35080, 34778, 34958, 34947, 34947, 34947, 34947, 34947, 34947, 39102, 49743, 50270, 50223, 50223, 50223, 50223, 50223, 50205, 50205, 50165, 50165, 50245, 51297, 51297, 35328, 35328, 35328, 35210, 35800, 35800, 28403, 23398, 22258, 8277, 8277, 8277, 8277, 8277, 8120, 8120, 8120, 8120, 8120, 8120, 8120, 8120, 8120, 8120, 8419, 8419, 8419, 8419, 8419, 0, 
68311, 67618, 82206, 79090, 101825, 115376, 124357, 152790, 189497, 174365, 232738, 237307, 241361, 222669, 167136, 176242, 157671, 154216, 152536, 152536, 149247, 146073, 89768, 109583, 118892, 117935, 123025, 122181, 136378, 141549, 180574, 219221, 219221, 178388, 103637, 12883, 11094, 11115, 11141, 8403, 7500, 7500, 7518, 6127, 6127, 6127, 6127, 6127, 6127, 6127, 6127, 5501, 5501, 5501, 5501, 5536, 5536, 5536, 5536, 5536, 5536, 5536, 5536, 5536, 5536, 5523, 5523, 2054, 0, 
50948, 48145, 57330, 53629, 61782, 68620, 79417, 103633, 118131, 105677, 120185, 115040, 101652, 106561, 139237, 133195, 135033, 97766, 96649, 87311, 82132, 67172, 54040, 34407, 36771, 32151, 30775, 43953, 17304, 15290, 13226, 12527, 12559, 8616, 0, 
65400, 73391, 87687, 101597, 108492, 120151, 97240, 95868, 98992, 101200, 124133, 110823, 120258, 122900, 121517, 116519, 117584, 118919, 118562, 103616, 103616, 85349, 85349, 87817, 88191, 56898, 58814, 61269, 59462, 61345, 49246, 49246, 52609, 52410, 53386, 53481, 55840, 55669, 57407, 57407, 57405, 58006, 60352, 35732, 35767, 35767, 35398, 33605, 31502, 31502, 31502, 32249, 32249, 32249, 16721, 11695, 11695, 11695, 11576, 11689, 11761, 11761, 13422, 13422, 13422, 0, 
105550, 140190, 148039, 147085, 176335, 193174, 202953, 246361, 288079, 297994, 285581, 299134, 385945, 402887, 402887, 525621, 532328, 485136, 517973, 439459, 438146, 384157, 384378, 400550, 404171, 467977, 508379, 509368, 522987, 469584, 385810, 391887, 393060, 392681, 392665, 376037, 239775, 256898, 257696, 259975, 276851, 276943, 257158, 189355, 204524, 179243, 177833, 165408, 164383, 145153, 145153, 133796, 130265, 76364, 33327, 33162, 32742, 32742, 31935, 31935, 31857, 11152, 11152, 11152, 4816, 5099, 
133151, 148526, 146813, 197892, 246875, 273684, 268694, 319370, 325031, 363999, 425983, 424538, 471637, 414659, 303834, 267413, 283094, 277246, 311042, 429403, 520066, 527537, 567787, 538008, 460249, 423504, 392184, 238865, 238865, 247114, 246597, 226061, 225489, 208882, 174056, 64231, 56200, 56200, 56200, 45399, 62278, 62593, 44878, 12332, 12332, 12241, 12241, 3995, 3995, 3995, 2745, 2745, 2745, 2752, 2752, 2752, 2752, 0, 
26085, 27002, 27364, 30399, 37369, 38009, 52929, 58279, 46639, 45269, 29057, 29298, 23807, 19973, 21769, 21896, 19156, 19117, 13614, 13614, 12717, 13935, 13935, 13935, 13935, 15436, 15459, 15449, 15449, 16725, 16725, 16725, 16725, 16599, 17847, 17321, 17365, 17356, 17316, 16798, 16742, 16742, 17091, 17091, 17091, 17072, 17072, 17072, 17072, 17072, 17072, 17072, 0, 
39604, 37833, 40648, 50004, 53506, 49180, 59549, 60532, 80552, 74450, 83144, 85897, 93272, 143019, 156096, 164809, 172596, 159386, 104787, 81790, 63766, 41254, 41189, 28178, 5155, 0, 
41514, 35515, 32010, 33138, 34247, 27192, 27192, 28390, 33410, 38288, 33252, 32263, 30835, 32610, 18809, 19046, 14407, 10125, 10155, 10155, 10884, 11059, 10984, 12250, 2832, 2832, 2832, 2832, 2832, 2832, 2832, 2832, 2832, 4793, 
57469, 51187, 52706, 52964, 50872, 48781, 48337, 44722, 45350, 48743, 48594, 48746, 45799, 61101, 68023, 74680, 32820, 32743, 32695, 32695, 32814, 35285, 21386, 21386, 14449, 10694, 10287, 10287, 8455, 8455, 8568, 5087, 3911, 5178, 
94967, 101440, 103559, 111163, 116537, 137298, 186169, 203047, 226610, 264399, 372030, 475856, 475297, 502642, 501439, 611036, 754669, 883618, 999963, 1008954, 1061779, 1094302, 1076776, 1052478, 1144438, 1342821, 1230632, 1283068, 1318795, 1319015, 1319015, 1142410, 1147466, 1153943, 1086424, 1197977, 1181286, 1247246, 1190963, 1190963, 477363, 434556, 443264, 423545, 189779, 189779, 102254, 97550, 92796, 95715, 72342, 51599, 39608, 10736, 10736, 10601, 0, 
81373, 84019, 80693, 86128, 98966, 101817, 113630, 118156, 137679, 157198, 176054, 187492, 231863, 261860, 290385, 280574, 270666, 276713, 242136, 245247, 253064, 250306, 204673, 242675, 232405, 216730, 218685, 179185, 151314, 125809, 87581, 93648, 93648, 63523, 49467, 54780, 55099, 55423, 47575, 47569, 49842, 8652, 8361, 7552, 7708, 7708, 7625, 7625, 7625, 7625, 10484, 10484, 10484, 11069, 11069, 11069, 11069, 11069, 11069, 11069, 11069, 11069, 11126, 11126, 0, 
49972, 65833, 69815, 66124, 85904, 79860, 88157, 90403, 84870, 95649, 105022, 99460, 95690, 87549, 96788, 96119, 84351, 78875, 41353, 45985, 52615, 64167, 49321, 49321, 49321, 23920, 16272, 0, 
104070, 118450, 145994, 186498, 235966, 281068, 237436, 346802, 367845, 330886, 341342, 341886, 358775, 447313, 457808, 363146, 353596, 315314, 268159, 207022, 226361, 228546, 210139, 248256, 249221, 249254, 265518, 176761, 176761, 177035, 177174, 177174, 149876, 151217, 154380, 172440, 222763, 234341, 234495, 221694, 221694, 250745, 265758, 273850, 200561, 200561, 136949, 148417, 148417, 134659, 134659, 134838, 134838, 134838, 134838, 132109, 98624, 98624, 98081, 98104, 12344, 12344, 12324, 12324, 12257, 0, 
167485, 209914, 273601, 326134, 404913, 503864, 576252, 833059, 989109, 1110840, 1152240, 1380709, 1585857, 1961487, 2151333, 2757302, 2757986, 2751590, 2831663, 2875819, 2749320, 2967849, 3315557, 3217819, 3235181, 3394713, 3429650, 3426537, 3337843, 3295487, 3367073, 3522402, 3936281, 3934548, 4757188, 5346511, 5296176, 5263009, 5199941, 5441810, 4620271, 4088851, 4078161, 3838257, 3702490, 3633942, 3633942, 2913646, 2915119, 2913313, 1523609, 1257109, 1233518, 1222748, 1202234, 1297974, 1295424, 1287333, 1171722, 1417104, 1440553, 1456106, 1456106, 1442171, 1443361, 1333085, 1456032, 1495062, 1213611, 890843, 890843, 890843, 876108, 876108, 876108, 851784, 737234, 737605, 642634, 600957, 584175, 585715, 585767, 585767, 585767, 591114, 591621, 591621, 574938, 574103, 554694, 123422, 123458, 120633, 120633, 124197, 125065, 125065, 125513, 125513, 125513, 125513, 125513, 122269, 50847, 50847, 50847, 50847, 13916, 13916, 13916, 0, 
98698, 134861, 163219, 190879, 245520, 261206, 256750, 301156, 287467, 298770, 318473, 275123, 268845, 214460, 192586, 167683, 146587, 136861, 127020, 117518, 127894, 111407, 111407, 111387, 114296, 102880, 103854, 44739, 48017, 48074, 48074, 52117, 52117, 51459, 6608, 6608, 0, 
30459, 29348, 22512, 22868, 18776, 15273, 8871, 7421, 5080, 2967, 2676, 2593, 2593, 1859, 1510, 1510, 1420, 1472, 
108970, 110861, 150378, 211370, 212495, 270827, 342668, 397600, 410304, 497409, 579887, 582599, 717786, 1030546, 1067746, 993687, 1015336, 727493, 708582, 687227, 591392, 521772, 516825, 512762, 444715, 390965, 388413, 143927, 117651, 116761, 116993, 112276, 102440, 99603, 99603, 72178, 74751, 87098, 120294, 120826, 123706, 113271, 118768, 142824, 147906, 147906, 147906, 152226, 152304, 162932, 65115, 65115, 67134, 67134, 67315, 67279, 67279, 67279, 67293, 68260, 75756, 75756, 75756, 75756, 75344, 59243, 44082, 15976, 15976, 0, 
34976, 31985, 26400, 24903, 20832, 16211, 13103, 13569, 13569, 4543, 3553, 0, 
97436, 113035, 130168, 155061, 180586, 163726, 191221, 231717, 262991, 271590, 282518, 293495, 352782, 374645, 426247, 395638, 415567, 456801, 527729, 528131, 565227, 566250, 593769, 587074, 595156, 591425, 591785, 623954, 582067, 568087, 552656, 551027, 582739, 571282, 568466, 557149, 547100, 555623, 532977, 450055, 450001, 453354, 428301, 485846, 561905, 525473, 527448, 454598, 257581, 243319, 245574, 242355, 204757, 51189, 51189, 51189, 51189, 41728, 41728, 41728, 41728, 41728, 41728, 41728, 41764, 41743, 45155, 11708, 0, 
