horn_Filename	horn_s_best	horn_s	horn_gap	horn_t_prep	horn_t_tot	horn_opt_tot	horn_opt_mdd	horn_reduction
32_n-div-8	4	4	0	0.009	0.009	30	30	94.94
64_n-div-8	8	8	0	0.009	0.009	30	30	78.23
128_n-div-8	16	16	0	0.04	0.04	30	30	44.45
256_n-div-8	31.97	31.97	0	0.42	0.42	30	30	25.47
512_n-div-8	63.9	62.8	1.82	60.82	3434.53	2	2	20.29
1024_n-div-8	116.3	113.47	11.22	271.15	3946.52	0	0	23.34
2048_n-div-8	186.23	186.23	16.29	1134.3	4135.18	0	0	28.49
4096_n-div-8	292.03	292.03	11.05	4297.07	4297.07	0	0	36.59
32_n-div-4	7.83	7.83	0	0.009	0.009	30	30	79.54
64_n-div-4	14.67	14.67	0	0.009	0.009	30	30	84.06
128_n-div-4	25.93	25.93	0	0.47	0.47	30	30	87.34
256_n-div-4	43.97	43.97	0	4.61	4.61	30	30	90.67
512_n-div-4	68.57	68.57	0	28.43	38.93	30	28	91.01
1024_n-div-4	105.07	105.07	0	122.81	188.27	30	24	91.56
2048_n-div-4	156.87	156.87	0.37	576.39	1571.46	24	15	85.91
4096_n-div-4	230.37	230.37	0.73	1996.26	4036.48	15	6	83.99
32_3n-div-8	8.77	8.77	0	0.009	0.009	30	30	78.03
64_3n-div-8	15.53	15.53	0	0.009	0.009	30	30	81.16
128_3n-div-8	24.9	24.9	0	0.06	0.06	30	30	86.44
256_3n-div-8	39.97	39.97	0	0.5	0.5	30	30	89.2
512_3n-div-8	59.97	59.97	0	4.26	4.26	30	30	91.16
1024_3n-div-8	90.73	90.73	0	13.59	13.59	30	30	93.59
2048_3n-div-8	131.17	131.17	0	50.39	50.39	30	30	94.79
4096_3n-div-8	193.37	193.37	0	163.9	163.99	30	29	96.65
32_n-div-2	8.87	8.87	0	0.009	0.009	30	30	75.08
64_n-div-2	14.8	14.8	0	0.009	0.009	30	30	81.22
128_n-div-2	22.93	22.93	0	0.01	0.01	30	30	82.57
256_n-div-2	35.2	35.2	0	0.07	0.07	30	30	87.37
512_n-div-2	53.13	53.13	0	0.92	0.92	30	30	90.49
1024_n-div-2	79.13	79.13	0	3.45	3.45	30	30	93.05
2048_n-div-2	115.7	115.7	0	19.65	19.65	30	30	94.59
4096_n-div-2	167.97	167.97	0	26.89	26.89	30	30	95.84
32_5n-div-8	8.6	8.6	0	0.009	0.009	30	30	72.45
64_5n-div-8	13.3	13.3	0	0.009	0.009	30	30	78.35
128_5n-div-8	21.2	21.2	0	0.009	0.009	30	30	83.47
256_5n-div-8	32.53	32.53	0	0.02	0.02	30	30	86.36
512_5n-div-8	47.83	47.83	0	0.1	0.1	30	30	88.68
1024_5n-div-8	70.2	70.2	0	0.76	0.76	30	30	91.35
2048_5n-div-8	103.97	103.97	0	3.27	3.27	30	30	93.98
4096_5n-div-8	150.57	150.57	0	10.26	10.26	30	30	95.77
32_3n-div-4	8.17	8.17	0	0.009	0.009	30	30	71.83
64_3n-div-4	12.53	12.53	0	0.009	0.009	30	30	71.72
128_3n-div-4	19.7	19.7	0	0.009	0.009	30	30	79.5
256_3n-div-4	29.97	29.97	0	0.01	0.01	30	30	84.41
512_3n-div-4	44.57	44.57	0	0.03	0.03	30	30	88.28
1024_3n-div-4	65.2	65.2	0	0.26	0.26	30	30	92.07
2048_3n-div-4	94.67	94.67	0	0.51	0.51	30	30	94.18
4096_3n-div-4	136.77	136.77	0	4.19	4.19	30	30	95.22
32_7n-div-8	7.67	7.67	0	0.009	0.009	30	30	64.92
64_7n-div-8	11.57	11.57	0	0.009	0.009	30	30	73.63
128_7n-div-8	18.4	18.4	0	0.009	0.009	30	30	76.54
256_7n-div-8	27.8	27.8	0	0.01	0.01	30	30	84.25
512_7n-div-8	40.6	40.6	0	0.03	0.03	30	30	87.14
1024_7n-div-8	60.57	60.57	0	0.11	0.11	30	30	91.16
2048_7n-div-8	88	88	0	0.63	0.63	30	30	91.89
4096_7n-div-8	127.37	127.37	0	2.17	2.17	30	30	94.71
