horn_Filename	horn_s_best	horn_s	horn_gap	horn_t_prep	horn_t_tot	horn_opt_tot	horn_opt_mdd	horn_reduction
4_3reps	3.47	3.47	0	0.009	0.009	30	30	65.78
4_4reps	3.77	3.77	0	0.009	0.009	30	30	76.59
4_5reps	3.83	3.83	0	0.009	0.009	30	30	81.44
4_6reps	3.9	3.9	0	0.009	0.009	30	30	85.92
4_7reps	3.97	3.97	0	0.009	0.009	30	30	88.59
4_8reps	3.97	3.97	0	0.009	0.009	30	30	89.54
8_3reps	6.23	6.23	0	0.009	0.009	30	30	66.94
8_4reps	6.87	6.87	0	0.009	0.009	30	30	71.7
8_5reps	7.4	7.4	0	0.009	0.009	30	30	80.1
8_6reps	7.53	7.53	0	0.009	0.009	30	30	79.22
8_7reps	7.7	7.7	0	0.009	0.009	30	30	80.36
8_8reps	7.77	7.77	0	0.009	0.009	30	30	80.65
16_3reps	9.7	9.7	0	0.009	0.009	30	30	71.78
16_4reps	11.57	11.57	0	0.009	0.009	30	30	79.44
16_5reps	12.93	12.93	0	0.009	0.009	30	30	79.97
16_6reps	14	14	0	0.009	0.009	30	30	83.96
16_7reps	14.93	14.93	0	0.01	0.01	30	30	84.81
16_8reps	14.8	14.8	0	0.01	0.01	30	30	86.09
32_3reps	16.13	16.13	0	0.009	0.009	30	30	78.26
32_4reps	19	19	0	0.009	0.009	30	30	81.46
32_5reps	21.63	21.63	0	0.04	0.04	30	30	85.76
32_6reps	23.73	23.73	0	0.1	0.1	30	30	85.91
32_7reps	25.57	25.57	0	0.61	0.61	30	30	89.21
32_8reps	27.5	27.5	0	0.99	0.99	30	30	88.8
64_3reps	25.43	25.43	0	0.009	0.009	30	30	82.34
64_4reps	30.37	30.37	0	0.04	0.04	30	30	86.45
64_5reps	34.93	34.93	0	0.74	0.74	30	30	86.26
64_6reps	39.13	39.13	0	2.03	2.03	30	30	90.35
64_7reps	43.63	43.63	0	7.51	7.92	30	29	89.54
64_8reps	45.53	45.53	0	14.14	27.62	30	25	84.73
128_3reps	36.77	36.77	0	0.02	0.02	30	30	85.18
128_4reps	45.03	45.03	0	0.37	0.37	30	30	87.78
128_5reps	53.43	53.43	0	3.3	3.3	30	30	90.42
128_6reps	61.53	61.53	0	8.17	8.17	30	30	92.79
128_7reps	68.47	68.47	0	29.22	36.33	30	28	91.4
128_8reps	74.6	74.6	0.11	74.85	1010.01	28	12	68.99
256_3reps	55.03	55.03	0	0.07	0.07	30	30	89.31
256_4reps	68.93	68.93	0	1.82	1.82	30	30	92.27
256_5reps	81.43	81.43	0	12.95	12.95	30	30	93.83
256_6reps	93.6	93.6	0	45.63	48.11	30	28	93
256_7reps	104.5	104.5	0	129.27	369.43	30	20	87.91
256_8reps	115.07	115.03	2.7	375.68	3167.78	10	2	62.22
512_3reps	81.63	81.63	0	0.58	0.58	30	30	92.84
512_4reps	101.13	101.13	0	9.01	9.01	30	30	93.71
512_5reps	121.03	121.03	0	37.06	37.06	30	30	95.16
512_6reps	138.6	138.6	0	143.51	148.66	30	27	94.86
512_7reps	156	156	0.7	679.41	2115.36	20	10	82
512_8reps	174.23	174.23	3.25	1221.36	4499.14	3	1	64.24
